1999	8	00132,01200,01201,01202,01203,01204,01205,01206,01207,01208,01209,01210,01282,01283,01284,01285,01286,01287,01288,01289,01294,01295,01296,62446,62448,62449,62937,62948,62956,62986
1999	9	00053,00067,00068,00143,00147,00151,00157,00171,00172,00173,00174,00463,01115,01116,01117,01118,01119,01120,01121,01122,01123,01124,01125,01126,01127,01128,01129,01130,01131,01132,01133,01134,01135,01136,01137,01138,01139,01140,01141,01142,01143,01144,01145,01146,01147,01148,01149,01150,01151,01152,01153,01166,01167,01211,01212,01213,01214,01215,01216,01217,01218,01241,01242,01244,01246,01253,01261,01290,01291,01292,01293,01297,01298,01299,01300,62410,62422,62423,62426,62435,62436,62437,62438,62439,62440,62441,62442,62443
1999	10	01319,01320,01321,01322,01323,01324,01325,01326,01327,01328,01329,01330,01331,01332,01333,01334,01335,01336,01337,01338,01339,01340,01341,01342,01343,01344,01345,01346,01347,01348,01349,01350,01351,01352,01353,01354,01355,01356,01357,01358,01359,01360,01361,01362,01363,01364,01365,01366,01367,01368,01369,01370,01371,01372,01373,01374,01375,01376,01377,01378,01379,01380,01381,01382,01385,01388,01389,01390,01391,01392,01393,01394,01395,01396,01397,01398,01399,01400,01401,01402,01403,01404,01405,01406,01407,01409,01410,01411,01413,01414,01415,01416,01417,01418,01419,01420,01421,01424,01425,01426,01452,01459,62505,62506,62507
1999	11	00059,00063,00077,00100,00129,00130,00243,00255,00267,00291,00558,00559,01170,01224,01248,01461,01464,01465,01467,01468,01469,01470,01471,01472,01473,01474,01475,01476,01477
1999	12	00029,00268,00330,00331,00579,00656,00672,00749,01408,01412,01483,01484,01485,01486,01487,01488,01489,01490,01491,01492,01493,01494,01495,01496,01497,01498,01499,01500,01501,01502,01503,01504,01505
2000	1	00023,00024,00127,00245,00257,00269,00281,00293,00460,00461,00625,00643,00758,00806,01154,01155,01156,01157,01158,01159,01160,01161,01162,01163,01164,01165,01518
2000	2	00026,00027,00142,00146,00150,00154,00246,00258,00270,00279,00282,00294,00328,00364,00368,00369,00437,00438,00557,00562,00738,00742,00745,00756,00759,00958,01514,01515,01516
2000	3	00002,00058,00098,00113,00247,00259,00271,00283,00295,00673,00714,00719,00720,00848,00964
2000	4	00076,00087,00810
2000	5	00248,00260,00272,00284,00296,00721,00722,00849,01704,01715
2000	6	00031,00032,00249,00261,00273,00285,00297,01735,01736,01737,01738,01739,01741,01742,01743,01744,01745
2000	7	00607,01829
2000	8	00148,00152,00155,00251,00263,00275,00287,00299,00674,00886,01800,01801,01805,01806,01807
2000	9	00028,00030,00075,00144,00252,00264,00276,00288,00300,00589,00608,00612,00645,00718,02308
2000	10	00025,00072,00253,00265,00277,00289,00301,00975,00976,01591,01850,01853,01857,01918
2000	11	00254,00266,00278,00290,00302,00712
2000	12	00996,00998,01008,01848,01862,02341,02342,02343,02345,02346,02347,02348,02349,02350,02351,02352,02353,02354,02355,02356,02357,02358,02359,02360,02361,02362,02363,02364,02366,02367,02368,02369,02370,02371,02372,02373,02374,02375,02376,02377,02378,02379,02380,02381,02382,02383,02384,02385
2001	1	00108,01000,01004,01549,01565,01851,01852,01870,01879,01897,01973,01974
2001	2	00597,00986,00988,00990,00992,00994,00995,01009,01567,01569,01571,01573,01589
2001	3	00999,01011,01555,01557,01594,01670,01869,01884,01976,01977,01979,02430
2001	4	01013
2001	5	00997,02432,02433,02434,02435,02436,02437,02438,02439,02440,02441,02442,02443,02444,02445,02446,02447,02448,02449,02450,02451
2001	6	01566,01568,01570,01572,01574,01871,02462
2001	7	00590,00591,01001,01005,01550,01556,01558,01810,01811,01812,01813,01814,01815,01816,01817,01818,01819,01820,01821,01822,01823,01824,01825,01826,01903,01953,01962,02472,02473,02474,02475,02476,02477,02478,02479,02480,02481,02504
2001	8	00987,00989,00991,00993,01012,01900,02412,02413,02505,02506
2001	9	01038,01978,01980,02886,02890,02903,02907,02911
2001	10	01912,01963,03380,03381,03382,03399,03402
2001	11	01880,01975,02681,02887,02891,02904,02908,02912,03166
2001	12	02547,02554,02595,02596,02597,02598,02599,03144
2002	1	01966,02523,02559,02584,02600,02601,02604,02605,02606,02607,02608,02609,02610,02611,02612,02613,02614,02615,02616,02617,02618,02619,02620,02621,02622,02623,02624,02625,02626,02627,02628,02629,02630,02631,02632,02633,02634,02635,02636,02637,02638,02639,02640,02641,02642,02643,02644,02645,02706,02888,02892,02905,02909,02913,02937,02938,03045,03383
2002	2	02588,02589,02590,02591,02592,02718,02756,02871
2002	3	01964,02714,02867,02868
2002	4	02721,03451,03483
2002	5	02693,03292
2002	6	02555,02702,02724,02889,02893,02906,02910,02914,03145
2002	7	02558,02585,02602,02603,02874,03722
2002	8	02646,02647,02648,02649,02650,02651,02652,02653,02654,02655,02656,02657,02658,02659,02660,02661,02662,02663,02664,02665,02666,02878,04286
2002	9	02727,02875,02935,02936,04287,04288
2002	10	02582,03479
2002	11	02560,02755,02797,03709,03716,04406
2002	12	02966,03676,03762,03773
2003	1	03687,03688,03689,03690,03691,03714,03903
2003	2	02519,03680,03681,03682,03683,03684,03812,04290,04291,04292,04293,04294,04295,04296,04297,04298,04299,04300,04301,04302,04303,04304,04305,04306,04307,04308,04309,04310,04332,04333,04334,04335,04336,04337,04338,04339,04340,04341,04342,04343,04344,04345,04346,04347,04348,04349,04350,04351,04352,04410
2003	3	03518,03698,03775,04426
2003	4	
2003	5	03694,03695,03737,04027,04356,04400,04401,04427,04428,04429,04436
2003	6	03559,03734,03791,03792,03964
2003	7	03677,03715,03736,03776,03816,03948,04149,04160
2003	8	04454
2003	9	03675,03735,03757,03813,03831,04311,04312,04313,04314,04315,04316,04317,04318,04319,04320,04321,04322,04323,04324,04325,04326,04327,04328,04329,04330,04331,04435
2003	10	03511,03705,03713,03732
2003	11	03701,03702,05240,05249
2003	12	03503,03764,04411,04456,04593,04853,04901,05042,05043
2004	1	04457,04459,04460,05247,05293
2004	2	04458,04461,04852,05050,05051,05052,05053,05054,05055,05056,05057,05058,05059,05081,05082,05083,05084,05085,05086,05087,05088,05089,05090,05091,05092,05093,05094,05095,05096,05097,05098,05099,05100,05101,05292,05305
2004	3	04462,04463,04595,05036,05164,05167,05168
2004	4	04464,04465,04575,04594
2004	5	04685,04851,05311,05316,05317,05324
2004	6	04483,04755,05312,05327
2004	7	04482,05044,05045,05351,05352
2004	8	04515,05342,05343,05344,05345
2004	9	04848,05041,05060,05061,05062
2004	10	05157
2004	11	05063,05064,05065,05066,05067,05068,05069,05070,05071,05072,05073,05074,05075,05076,05077,05078,05079,05080,05102,05103,05104,05105,05106,05107,05108,05109,05110,05111,05112,05113,05114,05115,05116,05117,05118,05119,05120,05121,05122,05172,05174,05346,05347,05348,05349,06133,06134,06135
2004	12	04849,05035,05175,05507,05925,05926,06177
2005	1	04533,05414,05581,05927,06202
2005	2	04850,05928,05957,05958,05965,05966,05967,05968,05969,05970,05971,05972,05973,05974,06021,06022,06023,06024,06025,06026,06027,06028,06029,06030,06031,06032,06033,06034,06035,06036,06037,06038,06039,06040,06041,06072,06093,06182
2005	3	04606,05956,06073,06183
2005	4	04612,05413,05440,05441,05455,05598,06069,06251,06268
2005	5	05396,05442,05443,05444,05839
2005	6	05508,05515,05582,05975,05976,05977,05978,06094,06188,06190,06192,06194,06196,06198,06200,06298
2005	7	05959
2005	8	05960,06364
2005	9	05979,05980,05981,05982,05983,05984,05985,05986,05987,05988,05989,06000,06001,06002,06003,06004,06005,06006,06007,06008,06009,06010,06011,06012,06013,06014,06015,06016,06017,06018,06019,06020
2005	10	05395,05990,05991,05992,05993,05994,05995,05996,05997,05998,05999,06083,06138,06165,06189,06191,06193,06195,06197,06199,06201,06270,06369,06373,07177
2005	11	06095,06656,07194,07195,07219
2005	12	05542,05543,05544,05545,05546,05584,06230,06231,06232,06237,06238,06540,06541,06542,06543,06544,06545,06546,06547,06548,06549,06550,06551,06552,06553,06554,06562,07243,07244,07245
2006	1	05456,06233,06235,06236,06239,06240,06449,06450,06451,06452,06453,06454,06474,06555,06556,06557,06558,06559
2006	2	05506,06306,06428,06590,06597,06598,06599,06600,06742,06743,07029,07030,07251,07272
2006	3	05412,06455,06456,06457,06458,06459,06473,06477,06478,06479,06480,06481,06482,06483,06484,06485,06486,06487,06488,06489,06490,06491,06492,06493,06494,06495,06496,06497,06623,06624,06739,07273,07274,07275,07276,07279,07288,07296
2006	4	06427,06472,06902,07297,07304,07305
2006	5	06374,06460,06461,06462,06463,06464,06465,06561,06571,06589,06769,06923,07249
2006	6	06434,06655,07052,07072,07283,07298
2006	7	06441,06476,06922,07294,07295
2006	8	06443,06475
2006	9	06466,06467,06468,06469,06470,06498,06499,06500,06501,06502,06503,06504,06505,06506,06507,06508,06509,06510,06511,06512,06513,06514,06515,06516,06517,06518,06519,06520,06521,06522,06523,06524,06525,06526,06527,06528,06529,06530,06531,06532,06533,06534,06535,06536,06537,06538,06539,07284,07389,07390,07403
2006	10	06746
2006	11	07053,07285,08480
2006	12	06375,07414,07466
2007	1	06572,08189,08212,08225,08276,08277,08278,08279,08280,08281,08341,08342,08343,08344,08345,08346,08347,08348,08349,08350,08351,08352,08353,08354,08355,08356,08357,08358,08359,08360,08396,08505
2007	2	06573,07392,07456,07538,08226,08508,08519
2007	3	07286,08227,08274,08275,08370
2007	4	07393,08228,08379,08547
2007	5	07497,07545,08282,08283,08284,08285,08286,08373,08374,08376,08556
2007	6	07432,07433
2007	7	07399,07539,07619,08287,08288,08289,08290,08291,08531,08532,08533,08534,08535,08536
2007	8	07462,07467,07468,07722,08292,08600
2007	9	07396,07463,07586,08138,08298,08299,08300,08301,08302,08303,08304,08305,08306,08307,08308,08309,08310,08311,08312,08313,08314,08315,08316,08317,08318,08320,08321,08322,08323,08324,08325,08326,08327,08328,08329,08330,08331,08332,08333,08334,08335,08336,08337,08338,08339,08340,08548,09584
2007	10	07470,07471,07536,07537,07540,07541,07542,07543,07544,07563,08120,08140,08155,08222,08231
2007	11	07416,08293,08294,08295,08296,08297,08377,08526,08527,08528
2007	12	07434,08529,08530,09115,09764
2008	1	07395,08908,09617,09620,09621,09622,09623,09624,09765
2008	2	07397,07398,07472,08139,08166,09106
2008	3	09219,09619,09700
2008	4	09021,09022,09085,09151,09625,09626,09627,09628,09850,09851
2008	5	08899,08906,09007,09030,09031,09032,09033,09034,09073,09074,09599,09600,09815
2008	6	08894,08912,09002,09629,09630,09631,09632,09633,09871
2008	7	09035,09036,09037,09038,09039,09040,09041,09682,09683,09684,09685,09707,09709,09711,09715
2008	8	08937,10574
2008	9	09003,09004,09006,09008,09131,09610,09640,09641,09642,09643,09644,09645,09646,09647,09648,09649,09650,09651,09652,09653,09654,09655,09656,09657,09658,09659,09660,09661,09662,09663,09664,09665,09666,09667,09668,09669,09670,09671,09672,09673,09674,09675,09676,09677,09678,09679,09680,09681,10497,10498,10499,10571,10577,10761,10762
2008	10	09001,09114,09463,10764
2008	11	09634,09635,09636,09637,09716,09825,09826,09827
2008	12	08907,09828,09829,09970,10500,10826,10838,10840,10841
2009	1	10409,10410,10624,10625,10626,10627,10628,10771,10861
2009	2	09005,10648,10683,10684,10700
2009	3	10227,10228,10229,10622,10623,10698,10892
2009	4	10407,10600
2009	5	09949,10629,10630,10631,10632
2009	6	10673,10920
2009	7	10079,10168,10633,10634,10635,10636,10637,10919
2009	8	10080,10081,10082,10083,11015,11803
2009	9	10408,10578,10579,10580,10581,10582,10583,10584,10585,10586,10587,10588,10589,10590,10591,10592,10593,10594,10595,10596,10597,10598,10601,10602,10603,10604,10605,10606,10607,10608,10609,10610,10611,10612,10613,10614,10615,10616,10617,10618,10619,10620,10621,10701
2009	10	10638,10639,10640,10641
2009	11	10702,10882,10883,10884,11932,11976
2009	12	09950,10885,10886,10994,11027,11028,11240,11387,11388,11935,11936,11937,11938,11939,12042,12057,12058,12059,12060,12061
2010	1	12097,12100
2010	2	11808,11809,12101,12102
2010	3	10665,10667,10669,11093,11805,11933,11934,11975,12132
2010	4	11076,11940,11941,11942,11943,11944,11955,12133,12203
2010	5	10980
2010	6	11820
2010	7	11945,11946,11947,11948,11949,12122
2010	8	11819,11826,12201,12228,12236
2010	9	11078,11889,11890,11891,11892,11893,11894,11895,11896,11897,11898,11899,11900,11901,11902,11903,11904,11905,11906,11907,11908,11909,11910,11911,11912,11913,11914,11915,11916,11917,11918,11919,11920,11921,11922,11923,11924,11925,11926,11927,11928,11929,11930
2010	10	10981,11950,11951,11952,11953,11954,12705,13121
2010	11	11245,12110,12111,12324,13090,13115,13181,13184,13188
2010	12	12112,12113,12114,12325,12502,13182
2011	1	12810
2011	2	12498,12499,12501,12503,12506,13178,13179
2011	3	12154,12500,12504,12505,13025,13031,13032,13033,13034,13035,13046,13180,13240
2011	4	12920
2011	5	12915,12917,13091,13420
2011	6	12332,12333,12448,12916,13423
2011	7	13100,13102,13104,13114,13511
2011	8	12450
2011	9	13048,13049,13050,13051,13052,13053,13054,13055,13056,13057,13058,13059,13060,13061,13062,13063,13064,13065,13066,13067,13068,13069,13070,13071,13072,13073,13074,13075,13076,13077,13078,13079,13080,13081,13082,13083,13084,13085,13086,13087,13088,13265
2011	10	12497,13626,14241,14242,14243,14244,14245
2011	11	12401,13227,13228,13229,13292,14277
2011	12	12334,13230,13231,14240,14246,14247
2012	1	14370,62684,62685,62686,62687,62688,62689,62690,62691,62692
2012	2	13278,13279,13651,13712,14054
2012	3	13280,14238,14248,14250,14251,14252
2012	4	13515,14249,14255,14422,14426
2012	5	
2012	6	13281,13282,13283,14191,14253,14254,14276,14440
2012	7	14322,14323,14324,14326,14396,14397
2012	8	14262,15265
2012	9	14278,14279,14280,14281,14282,14283,14284,14285,14286,14287,14288,14289,14290,14291,14292,14293,14294,14295,14296,14297,14298,14299,14300,14301,14302,14303,14304,14305,14306,14307,14308,14309,14310,14311,14312,14313,14314,14315,14316,14317,14318,14319
2012	10	15395,15396,15397,15398,15399
2012	11	13294
2012	12	14192,15400,15401,15554,15596
2013	1	
2013	2	14400,14920
2013	3	13284,14558,14559,14562,14563,14684,14686,14687,15394,15402,15403,15404,15405,15406,15451,15452,15453,15454,15455,15456,15457,15458,15459,15460,15461,15462,15463,15464,15465,15620
2013	4	14547,14553,14701,15630,15631,15645
2013	5	14548,14549,14552,14884
2013	6	14193,14550,15293,15479
2013	7	14456,14457,14556,14560,14564,14606,15407,15408,15481,15483
2013	8	
2013	9	14546,14551,14555,14561,15409,15410,15411,15412,15413,15414,15415,15416,15417,15418,15419,15420,15421,15422,15423,15424,15425,15426,15427,15428,15429,15430,15431,15432,15433,15434,15435,15436,15437,15438,15439,15440,15441,15442,15443,15444,15445,15446,15447,15448,15449,15450,16314,16368,16369
2013	10	14418,14554,14557,14618,14916,14917,14921,14922,15676,16244,16246,16247
2013	11	15677,15678,15742
2013	12	14232,15291,15690,15743
2014	1	15473
2014	2	14919,14923,15738,15752,16595
2014	3	14918,16375
2014	4	15669,15670,15671,15672,15806,16299,16300,16313,16374,16570
2014	5	16419
2014	6	14233,16426,16428,16430,16479,16480,16481,16482,16483
2014	7	15765,16636,16637
2014	8	15734
2014	9	15753,16376,16377,16378,16379,16380,16381,16382,16383,16384,16385,16386,16387,16388,16389,16390,16391,16392,16393,16394,16395,16396,16397,16398,16399,16400,16401,16402,16403,16404,16405,16406,16407,16408,16409,16410,16411,16412,16413,16414,16415,16416,16417
2014	10	
2014	11	17395
2014	12	14234,17566,17567
2015	1	
2015	2	17631
2015	3	16700,16757,17372,17378
2015	4	
2015	5	16677,17396,17661
2015	6	
2015	7	17325,17326,17327,17328,17329,17387,17389,17391
2015	8	
2015	9	17351,17352,17353,17354,17355,17356,17357,17358,17359,17360,17361,17362,17363,17364,17365,17366,17367,17368,17369,17370,17371
2015	10	16678,16690,16728,17330,17331,17332,17333,17334,17335,17336,17337,17338,17339,17340,17341,17342,17343,17344,17345,17346,17347,17348,17349,17350
2015	11	16688,16691,18686,18710
2015	12	17377,17723
2016	1	18365,18414,18415
2016	2	
2016	3	17898,18304,18408,18808
2016	4	16679,17323,17770
2016	5	18608
2016	6	16667,18409,18609
2016	7	18359,18361,18410,18411,18412,18413
2016	8	17896
2016	9	18305,18363,18366,18367,18368,18369,18370,18371,18372,18373,18374,18375,18376,18377,18378,18379,18380,18381,18382,18383,18384,18385,18386,18387,18388,18389,18390,18391,18392,18393,18394,18395,18396,18397,18398,18399,18400,18401,18402,18403,18404,18405,18406,18407,19788
2016	10	16680,19016,19789
2016	11	18151,19011,19790,19840,19846
2016	12	18952,19793,19837,19918,19966,19983
2017	1	18152,19012,19988
2017	2	17715,18301,18932,19017,19917,19967,20000,20005,20006
2017	3	18612,18676,18914,18930,19290,20019,20020,20036
2017	4	18306,18912,18931,19746,19836,19838
2017	5	16681,18302,19708,19847,20073,20080
2017	6	18913,18933,19841,19842,19843,19844,19845,19855,19857,19859,20001,20084,20098
2017	7	18677
2017	8	19839,20002,20632
2017	9	18307,19794,19795,19796,19797,19798,19799,19800,19801,19802,19803,19804,19805,19806,19807,19808,19809,19810,19811,19812,19813,19814,19815,19816,19817,19818,19819,19820,19821,19822,19823,19824,19825,19826,19827,19828,19829,19830,19831,19832,19833,19834,19835
2017	10	16682,18961
2017	11	19970,19971,20846,20847
2017	12	19519,19520,20130,20877,20878,20884,20904,20905
2018	1	19444,20942,20943,20944
2018	2	18308,19466,19467,20334,20948,20949,20953,20954,20955,20956,20957,20958
2018	3	18678,18954,20707
2018	4	20684,20733,21058
2018	5	18679,20165,20655,20656,20657,20769,20987
2018	6	20166,20996,21102,21122
2018	7	18303,20167,20658,20659,20660,20661,20662,20708,20712,20714,20716
2018	8	20168,20259,21669,21670,21671
2018	9	18309,18680,20663,20664,20665,20666,20667,20668,20669,20670,20671,20672,20673,20674,20675,20676,20677,20678,20679,20680,20681,20682,20683,20685,20686,20687,20688,20689,20690,20691,20692,20693,20694,20695,20696,20697,20698,20699,20700,20701,20702,20703,20704,20705,20743,20748,21843
2018	10	21389,21911,21912,21913,21914,21915,21916,21917,21918,21919,21920,21921,21934,21935,21936,21937,21938,21939,21940,21941,21942,21943,21944,21945
2018	11	20706,21387,21388,21718,21955
2018	12	20654,21572,21783
2019	1	21716,21717
2019	2	20741
2019	3	20734,21303,22134,22155,22156
2019	4	21762,21763,21764,21765,21766,21767,21768,21769,21770,21771,21772,21773,21774,21775,21776,21777,21778,21779,21780,21781,21782,21787,21788,21789,21790,21791,21792,21793,21794,21795,21796,21797,21798,21799,21800,21801,21802
2019	5	21573,21578,21735,21785,21814,22159
2019	6	21693
2019	7	21736,21737,21738,21739,21740,21818,21820,21822,21896,22146,22147,22148,22149,22150,22178,22282,22283,22284
2019	8	
2019	9	21741,21742,21743,21744,21745,21746,21747,21748,21749,21750,21751,21752,21753,21754,21755,21756,21757,21758,21759,21760,21761,22151
2019	10	21206,21404,21405,21459,22322,22344,22854,22875,22876,22906
2019	11	21406,21407,21701,21734,21784,22309,22623,22800,22801,22802,23077,23078
2019	12	22290,22358,22919,23089,23090,23091,23092,23093,23099
2020	1	21579,22355,22418,23137
2020	2	21194,21574,22663,22887,23147
2020	3	21167,21181,21700,22424,22750,22772,22773,22774,22775,22776,22777,22778,22779,22780,22781,22782,22783,22784,22785,22786,22787,22788,22789,22790,22791,22792,22793,22794,22795,22796,22797,22798,22799,22951,22956,22958,23188,23198
2020	4	22307,22308,22356,22642,22657,22957,23046,23224,23225,23226,23227,23228,23229,23230,23231,23232,23237
2020	5	22743,22803,22855,23238
2020	6	21575,22664,22744,22745,22746,22747,22748
2020	7	22822,22824,22826,23290,23291,23306,23308,23310
2020	8	23148,23347
2020	9	24644,62650
2020	10	22688,23397,23505,24645,24840,24850,62649
2020	11	22749,22751,22752,22753,22754,22755,22756,22757,22758,22759,22760,22761,22762,22763,22764,22765,22766,22767,22768,22769,22770,22771,23396,23400,24839,24845,24846,24847
2020	12	22658,22742,22949,23398,23399,23401,23403,23405,23460,23544,24620,24882,24894
2021	1	22705,22939,23404,23461,23745,24621,24685,24824,24883,24902,24903,24913,24938
2021	2	22467,22468,22706,22713,22942,22950,22952,23462,23463,24583,24584,24908,24941,24942,24943,24952,24953,24962,24967,62639,62640,62641,62642
2021	3	22469,22470,22703,22944,22947,22948,22960,23035,23036,23382,23383,23384,23464,23533,24653,24764,24826,24958,24976,24977,24984,24990,24994,62635,62636,62637,62638
2021	4	21580,22438,22660,22702,22946,22961,23019,23385,23386,23465,24525,24526,24527,24528,24529,24530,24531,24532,24533,24534,24535,24536,24537,24538,24539,24540,24541,24542,24543,24544,24545,24774,24988,24989,24997,24998,25005,25013
2021	5	22437,22471,22536,22659,22941,23402,23466,24573,24773,24825,24982,24987,25020,25021,25043
2021	6	23467,24567,24568,24569,24570,24571,24575,24588,24590,25017,25018,25026,25056,25060
2021	7	22940,22945,22959,23368,23370,23371,23372,23468,24592,25067,25069,25071,25089,25092
2021	8	22357,22436,22472,22666,22943,22962,22963,23469,23678,24462,24465,24467,24469,24775,24776,24783,24785,25681,25983
2021	9	23366,23367,23369,23388,23391,23470,24349,24546,24547,24548,24549,24550,24551,24552,24553,24554,24555,24556,24557,24558,24559,24560,24561,24562,24563,24564,24565,24566,25592,26111,26121
2021	10	21576,21577,22665,23373,23374,23375,23471,23871,26125,26128,26129,26143,26163
2021	11	23838,24574,24781,25009,26189,26220
2021	12	24572,26022,26195,26196,26222,26227,26260
2022	1	24714,26020,26090,26274,26285
2022	2	
2022	3	
2022	4	
2022	5	
2022	6	
2022	7	26440
2022	8	26213,26462,26463
2022	9	27443
2022	10	26461
2022	11	
2022	12	
2023	1	
2023	2	
2023	3	
2023	4	24466,25511,26210,27452,27495,27502,27807,27814,27817
2023	5	25224,25497,25503,25634,25635,27247,27489,27494,27496,27504,27693,27844,27846,27860
2023	6	22667,24784,25206,25223,25565,25593,25594,25595,25596,25597,25598,25599,25600,25601,25602,25603,25604,25605,25606,25607,25608,25609,25610,25611,25612,25613,25615,26016,26170,26962,27488,27501,27889,27916,27930
2023	7	22661,23685,24686,25227,27498,27499,27500,27503,27799,27952,27962,27963
2023	8	22662,24464,24782,25226,25864,25992,26018,26171,27490,27497,27973,28048,28368,28485,28491,28496,28873
2023	9	23872,24463,24468,24470,25498,25991,27056,27486,27487,27492,27828,28871,28874,28883,28884,28889,28911,28913,28918,28924,28930,28931,28939
2023	10	25225,25512,25566,25567,25568,25569,25570,26212,27491,27694,27695,27938,28049,28940,28948,28961,28977,28987,28988
2023	11	25614,25856,26211,26490,26491,26629,27265,27977,27984,28749,29020,29028,29051,29052,29062,29063,29077
2023	12	25571,25572,25573,25574,25575,25576,25577,25578,25579,25580,25581,25582,25583,25584,25585,25586,25587,25588,25589,25590,25591,26654,28757,28890,28891,28892,28898,28899,28903,29093
2024	1	29142
2024	2	26650,26963,27978,27982,29019,29138
2024	3	25513,26623,28755,28756,28758,28759,29260,29305,29318,29324,29339,29348,29350
2024	4	25499,26968,28344,28735,28785,28786,28861,28863,28864,29356,29359,29360,29371,29372
2024	5	25504,26568,26569,28457,28458,28862
2024	6	26570,26571,26572,26573,26653,28007,28377,28384,28385,28386,28387,28388,28389,28390,28391,28392,28393,28394,28395,28396,28397,28398,28399,28400,28401,28402,28403,28404,28405,28427,28865,29456,29457,29458,29459,29460,29467,29468,29469
2024	7	26493,26574,26575,26576,26577,26578,26651,26964,27493,27994,28866,28877,29472,29473,29474,29475,29480,29482
2024	8	26579,27058,27098,27995,29452,29499
2024	9	23873,25500,26488,26489,26492,26503,26652,26969,27057,29500,29516,29518,29522,29523,29524,29525,29526,30074,30075,30076,30462,30466
2024	10	27996,28001,28343,28345,28379,28380,28382,28733,28738,28750,28859,28860,30560
2024	11	27986,27988,28004,28282,28283,28346,28378,28381,28383,28751,28752,28901,28902,28904,29139,29141,29143,29144,30612
2024	12	26965,27989,28406,28407,28408,28409,28410,28411,28412,28413,28414,28415,28416,28417,28418,28419,28420,28421,28422,28423,28424,28425,28426,28428,29677,30444,30455,30486,30550,30590,30653,30661,30669,30670,30671,30672,30673,30674,30696
2025	1	27990,27998,30485,30524,30549,30552,30554,30706,30727
2025	2	25501,25505,27991,29538,30545,30551,30553,30555,30556,30650,30806,30822
2025	3	26970,27992,27999,28342,28732,28760,28761,29539,29802,30453,30460,30461,30546,30547,30648,30830,30836,30847,30856,30857,30862,30871
2025	4	27993,28734,28737,29675,29676,30442,30445,30451,30454,30457,30482,30510,30884,30909,30911,30912
2025	5	26966,28742,28743,28767,28776,28778,28780,29606,29607,29729,30452,30456,30927,30932,30933
2025	6	28003,28736,28739,28740,28744,28748,28777,28784,29529,29536,29562,30548,30960,30968
2025	7	27981,28002,28741,28745,28746,28747,28783,29563,29564,29565,29566,29567,29568,29569,29570,29571,29572,29573,29574,29575,29576,29577,29578,29579,29580,29581,29582,29583,29678,30483,30544,31001,31009,31018
2025	8	25502,26971,28093,28753,30016,30443,30446,30458,30651,30654,31033,31034,31036
2025	9	28339,28779,29673,29674,29679,29812,30484,30491,30531,30647,30649,30652,30655,30949,31480,31861,31866,31873,31892,31893
2025	10	29531,29532,29533,29534,29535,31503,31504
2025	11	
2025	12	32022
2026	1	26967,31515,32109
2026	2	26972,31358,31359,31360,31362,31895,31896
2026	3	31057,31066,31897,32173
2026	4	29530,30543,31516,32299
2026	5	31395,31494,32291
2026	6	31370,32356,32357,32358
